Original array initiated!!
    0     1     2     3     4     5     6     7     8     9    10    11    12    13    14    15    16    17    18    19    20    21    22    23    24    25    26    27    28    29    30    31    32    33    34    35    36    37    38    39    40    41    42    43    44    45    46    47    48    49    50    51    52    53    54    55    56    57    58    59    60    61    62    63    64    65    66    67    68    69    70    71    72    73    74    75    76    77    78    79    80    81    82    83    84    85    86    87    88    89    90    91    92    93    94    95    96    97    98    99   100   101   102   103   104   105   106   107   108   109   110   111   112   113   114   115   116   117   118   119   120   121   122   123   124   125   126   127   128   129   130   131   132   133   134   135   136   137   138   139   140   141   142   143   144   145   146   147   148   149   150   151   152   153   154   155   156   157   158   159   160   161   162   163   164   165  166   167   168   169   170   171   172   173   174   175   176   177   178   179   180   181   182   183   184   185   186   187   188   189   190   191   192   193   194   195   196   197   198   199   200   201   202   203   204   205   206   207   208   209   210   211   212   213   214   215   216   217   218   219   220   221   222   223   224   225   226   227   228   229   230   231   232   233   234   235   236   237   238   239   240   241   242   243   244   245   246   247   248   249   250   251   252   253   254   255   256   257   258   259   260   261   262   263   264   265   266   267   268   269   270   271   272   273   274   275   276   277   278   279   280   281   282   283   284   285   286   287   288   289   290   291   292   293   294   295   296   297   298   299   300   301   302   303   304   305   306   307   308   309   310   311   312   313   314   315   316   317   318   319   320   321   322   323   324   325   326   327   328   329   330   331   332   333   334   335   336  337   338   339   340   341   342   343   344   345   346   347   348   349   350   351   352   353   354   355   356   357   358   359   360   361   362   363   364   365   366   367   368   369   370   371   372   373   374   375   376   377   378   379   380   381   382   383   384   385   386   387   388   389   390   391   392   393   394   395   396   397   398   399   400   401   402   403   404   405   406   407   408   409   410   411   412   413   414   415   416   417   418   419   420   421   422   423   424   425   426   427   428   429   430   431   432   433   434   435   436   437   438   439   440   441   442   443   444   445   446   447   448   449   450   451   452   453   454   455   456   457   458   459   460   461   462   463   464   465   466   467   468   469   470   471   472   473   474   475   476   477   478   479   480   481   482   483   484   485   486   487   488   489   490   491   492   493   494   495   496   497   498   499   500   501   502   503   504   505   506   507  508   509   510   511 
Just another one (1/10): 1
Just another one (2/10): 2
Just another one (3/10): 3
Just another one (4/10): 4
Just another one (5/10): 5
Just another one (6/10): 6
Just another one (7/10): 7
Slaves created!!
Just another one (8/10): 8
Just another one (9/10): 9
Result:
    0     3     6     9    12    15    18    21    24    27    30    33    36    39    42    45    48    51    54    57    60    63    66    69    72    75    78    81    84    87    90    93    96    99   102   105   108   111   114   117   120   123   126   129   132   135   138   141   144   147   150   153   156   159   162   165   168   171   174   177   180   183   186   189   192   195   198   201   204   207   210   213   216   219   222   225   228   231   234   237   240   243   246   249   252   255   258   261   264   267   270   273   276   279   282   285   288   291   294   297   300   303   306   309   312   315   318   321   324   327   330   333   336   339   342   345   348   351   354   357   360   363   366   369   372   375   378   381   384   387   390   393   396   399   402   405   408   411   414   417   420   423   426   429   432   435   438   441   444   447   450   453   456   459   462   465   468   471   474   477   480   483   486   489   492   495   498   501   504   07   510   513   516   519   522   525   528   531   534   537   540   543   546   549   552   555   558   561   564   567   570   573   576   579   582   585   588   591   594   597   600   603   606   609   612   615   618   621   624   627   630   633   636   639   642   645   648   651   654   657   660   663   666   669   672   675   678   681   684   687   690   693   696   699   702   705   708   711   714   717   720   723   726   729   732   735   738   741   744   747   750   753   756   759   762   765   768   771   774   777   780   783   786   789   792   795   798   801   804   807   810   813   816   819   822   825   828   831   834   837   840   843   846   849   852   855   858   861   864   867   870   873   876   879   882   885   888   891   894   897   900   903   906   909   912   915   918   921   924   927   930   933   936   939   942   945   948   951   954   957   960   963   966   969   972   975   978   981   984   987   990   993   996   999  1002  1005  1008  1011  1014  1017  020  1023  1026  1029  1032  1035  1038  1041  1044  1047  1050  1053  1056  1059  1062  1065  1068  1071  1074  1077  1080  1083  1086  1089  1092  1095  1098  1101  1104  1107  1110  1113  1116  1119  1122  1125  1128  1131  1134  1137  1140  1143  1146  1149  1152  1155  1158  1161  1164  1167  1170  1173  1176  1179  1182  1185  1188  1191  1194  1197  1200  1203  1206  1209  1212  1215  1218  1221  1224  1227  1230  1233  1236  1239  1242  1245  1248  1251  1254  1257  1260  1263  1266  1269  1272  1275  1278  1281  1284  1287  1290  1293  1296  1299  1302  1305  1308  1311  1314  1317  1320  1323  1326  1329  1332  1335  1338  1341  1344  1347  1350  1353  1356  1359  1362  1365  1368  1371  1374  1377  1380  1383  1386  1389  1392  1395  1398  1401  1404  1407  1410  1413  1416  1419  1422  1425  1428  1431  1434  1437  1440  1443  1446  1449  1452  1455  1458  1461  1464  1467  1470  1473  1476  1479  1482  1485  1488  1491  1494  1497  1500  1503  1506  1509  1512  1515  1518  1521  1524  1527  1530 1533 
